2002_08_22_big_img_408
27
0 18 27 41 0.686
26 16 25 3 0.838
49 66 37 17 0.114
5 131 39 5 0.277
67 125 41 22 0.322
89 169 73 37 0.516
62 25 33 36 0.252
103 22 29 9 0.392
86 74 37 34 0.680
132 76 39 34 0.041
175 97 33 7 0.227
210 86 39 42 0.667
152 34 27 2 0.231
129 10 23 20 0.963
83 0 19 6 0.216
166 32 29 7 0.556
163 9 21 14 0.964
231 30 25 5 0.529
245 53 33 12 0.228
301 102 29 0 0.844
236 0 19 23 0.173
301 9 25 5 0.795
351 31 27 19 0.896
383 78 37 1 0.083
416 43 37 35 0.501
387 32 25 19 0.184
337 3 17 6 0.335
